0 2 1 0 0 -5.6 75 -5 0 -1.16667 -13.5 -5.6 0.144 0.4 4.28571 0 0 0 0 0.4 4.28571 0 90 0
15 2 1 0 0 -5.6 75 -5 0 -1.16667 -13.5 -5.6 0.144 0.4 4.28571 0 0 0 0 0.4 4.28571 0 90 0
30 0 2 -1.16667 -13.1 -1.31429 -5 0 -5 -0.666667 -13.1 -1.31429 0.144 0.4 4.28571 0 0 0 0 0.4 4.28571 0 90 0
45 0 2 -0.966667 -13.1 -1.31429 -5 0 -5 -0.466667 -13.1 -1.31429 0.344 0.4 4.28571 0 0 0 0.2 0.4 4.28571 0 90 0
60 1 2 -0.766667 -13.1 -1.31429 -5 0 -5 -0.266667 -13.1 -1.31429 0.544 0.4 4.28571 0 0 0 0.4 0.4 4.28571 0 90 0
60 2 1 0 0 -5.6 75 -5 0 -1.16667 -13.5 -5.6 0.544 0.4 4.28571 0 0 0 0.4 0.4 4.28571 0 90 0
75 1 1 0 0 -5.6 75 -5 0 -1.16667 -13.5 -5.6 0.744 0.4 4.28571 0 0 0 0.8 0.4 4.28571 0 90 0
90 0 1 0 0 -5.6 75 -5 0 -1.16667 -13.5 -5.6 0.744 0.8 4.28571 0 0 0 0.8 0.8 4.28571 0 90 0
105 2 1 0 0 -5.6 75 -5 0 -1.16667 -13.5 -5.6 0.744 0.8 4.28571 0 0 0 0.8 0.8 4.28571 0 90 0
120 1 1 0 0 -5.6 75 -5 0 -1.16667 -13.5 -5.6 1.544 0.8 4.28571 0 0 0 1.4 0.8 4.28571 0 90 0
135 0 1 0 0 -5.6 75 -5 0 -1.16667 -13.5 -5.6 2.344 0.8 4.28571 0 0 0 2.2 0.8 4.28571 0 90 0
150 0 1 0 0 -5.6 75 -5 0 -1.16667 -13.5 -5.6 2.944 0.8 4.28571 0 0 0 2.8 0.8 4.28571 0 90 0
165 1 1 0 0 -5.6 75 -5 0 -1.16667 -13.5 -5.6 3.744 0.8 4.28571 0 0 0 3.6 0.8 4.28571 0 90 0
180 1 1 0 0 -5.6 75 -5 0 -1.16667 -13.5 -5.6 3.744 0.8 4.28571 0 0 0 3.6 0.8 4.28571 0 90 0
195 1 1 0 0 -5.6 75 -5 0 -1.16667 -13.5 -5.6 3.744 0.8 4.28571 0 0 0 3.6 0.8 4.28571 0 90 0
210 0 1 0 0 -5.6 75 -5 0 -1.16667 -13.5 -5.6 3.744 0.4 4.28571 0 0 0 3.6 0.4 4.28571 0 90 0
225 2 2 -3.26063 -12.0295 -0.605961 -5 0 -5 -2.76063 -12.0295 -0.605961 3.744 0.4 4.28571 0 0 0 3.6 0.4 4.28571 0 90 0
240 2 2 -3.26063 -12.0295 -0.605961 -5 0 -5 -2.76063 -12.0295 -0.605961 3.744 0.4 4.28571 0 0 0 3.6 0.4 4.28571 0 90 0
255 2 2 -3.26063 -12.0295 -0.605961 -5 0 -5 -2.76063 -12.0295 -0.605961 3.744 0.4 4.28571 0 0 0 3.6 0.4 4.28571 0 90 0
465 0 1 0 0 -5.6 75 -5 0 -1.16667 -13.5 -5.6 4.544 0.4 4.28571 0 86 0 4.6 0.4 4.28571 0 184 0
480 2 2 3.85611 -12.5776 -1.91107 -5 0 -5 4.35611 -12.5776 -1.91107 4.544 0.4 4.28571 0 86 0 4.6 0.4 4.28571 0 184 0
495 2 2 3.85611 -12.9683 -1.83486 -5 0 -5 4.35611 -12.9683 -1.83486 4.544 0.4 4.28571 0 86 0 4.6 0.4 4.28571 0 184 0
510 2 2 3.85611 -13.2322 -1.80694 -5 0 -5 4.35611 -13.2322 -1.80694 4.544 0.4 4.28571 0 86 0 4.6 0.4 4.28571 0 184 0
525 2 2 3.85611 -13.4975 -1.7975 -5 0 -5 4.35611 -13.4975 -1.7975 4.544 0.4 4.28571 0 86 0 4.6 0.4 4.28571 0 184 0
540 2 2 4.10458 -12.744 -8.96597 -5 0 -5 4.60458 -12.744 -8.96597 4.544 0.4 4.28571 0 86 0 4.6 0.4 4.28571 0 184 0
555 2 2 2.43714 -12.5637 -10.6817 -5 0 -5 2.93714 -12.5637 -10.6817 4.544 0.4 4.28571 0 86 0 4.6 0.4 4.28571 0 184 0
570 2 2 -2.36907 -12.4571 -11.6954 -5 0 -5 -1.86907 -12.4571 -11.6954 4.544 0.4 4.28571 0 86 0 4.6 0.4 4.28571 0 184 0
585 2 2 -3.62582 -12.4974 -11.3127 -5 0 -5 -3.12582 -12.4974 -11.3127 4.544 0.4 4.28571 0 86 0 4.6 0.4 4.28571 0 184 0
600 0 1 0 0 -5.6 75 -5 0 -1.16667 -13.5 -5.6 4.544 0.4 4.28571 0 86 0 4.6 0.6 4.28571 0 184 0
615 1 1 0 0 -5.6 75 -5 0 -1.16667 -13.5 -5.6 4.544 0.4 2.68571 0 86 0 4.6 0.4 2.88571 0 184 0
630 1 1 0 0 -5.6 75 -5 0 -1.16667 -13.5 -5.6 4.544 1.2 2.68571 0 86 0 4.6 0.4 2.88571 0 184 0
645 0 1 0 0 -5.6 75 -5 0 -1.16667 -13.5 -5.6 4.544 1.2 2.68571 0 86 0 4.6 1.2 2.88571 0 184 0
660 1 1 0 0 -5.6 75 -5 0 -1.16667 -13.5 -5.6 4.544 1.2 1.08571 0 86 0 4.6 1.2 1.28571 0 184 0
675 0 1 0 0 -5.6 75 -5 0 -1.16667 -13.5 -5.6 4.544 0.4 1.08571 0 86 0 4.6 0.4 1.28571 0 184 0
690 0 1 0 0 -5.6 75 -5 0 -1.16667 -13.5 -5.6 4.544 0.4 1.08571 0 86 0 4.6 0.4 1.28571 0 184 0
705 0 1 0 0 -5.6 75 -5 0 -1.16667 -13.5 -5.6 4.544 0.4 1.08571 0 86 0 4.6 0.6 1.28571 0 184 0
705 1 1 0 0 -5.6 75 -5 0 -1.16667 -13.5 -5.6 4.544 0.4 0.48571 0 86 0 4.6 0.6 0.68571 0 184 0
720 1 1 0 0 -5.6 75 -5 0 -1.16667 -13.5 -5.6 4.544 0.6 0.48571 0 86 0 4.6 0.6 0.68571 0 184 0
735 0 1 0 0 -5.6 75 -5 0 -1.16667 -13.5 -5.6 4.544 0.4 -0.11429 0 86 0 4.6 0.6 0.08571 0 260 0
750 1 1 0 0 -5.6 75 -5 0 -1.16667 -13.5 -5.6 4.544 0.4 0.0857101 0 180 0 4.6 0.6 0.08571 0 260 0
765 0 1 0 0 -5.6 75 -5 0 -1.16667 -13.5 -5.6 3.944 0.4 0.0857101 0 180 0 4 0.6 0.08571 0 260 0
780 1 1 0 0 -5.6 75 -5 0 -1.16667 -13.5 -5.6 3.344 0.4 0.0857101 0 180 0 3.4 0.6 0.08571 0 260 0
795 2 1 0 0 -5.6 75 -5 0 -1.16667 -13.5 -5.6 3.344 0.4 0.0857101 2 180 0 3.4 0.6 0.08571 0 260 0
810 2 1 0 0 -5.6 75 -5 0 -1.16667 -13.5 -5.6 3.344 0.4 0.0857101 2 180 0 3.4 0.6 0.08571 0 260 0
825 0 1 0 0 -5.6 75 -5 0 -1.16667 -13.5 -5.6 3.344 0.4 0.0857101 2 180 0 3.4 0.4 0.08571 0 260 0
840 1 1 0 0 -5.6 75 -5 0 -1.16667 -13.5 -5.6 3.344 1.2 0.0857101 2 180 0 3.4 1.2 0.08571 0 260 0
855 0 1 0 0 -5.6 75 -5 0 -1.16667 -13.5 -5.6 2.544 1.2 0.0857101 2 180 0 2.6 1.2 0.08571 0 260 0
870 1 1 0 0 -5.6 75 -5 0 -1.16667 -13.5 -5.6 1.744 1.2 0.0857101 2 180 0 1.8 1.2 0.08571 0 260 0
885 0 1 0 0 -5.6 75 -5 0 -1.16667 -13.5 -5.6 0.944 1.2 0.0857101 2 180 0 1 1.2 0.08571 0 260 0
900 2 2 -2.10303 -12.4285 -6.24999 -5 0 -5 -1.60303 -12.4285 -6.24999 0.944 1.2 0.0857101 2 180 0 1 1.2 0.08571 0 262 0
915 2 2 -2.00938 -13.1022 -6.85655 -5 0 -5 -1.50938 -13.1022 -6.85655 0.944 1.2 0.0857101 2 180 0 1 1.2 0.08571 0 262 0
930 2 2 -2.00938 -13.1022 -6.85655 -5 0 -5 -1.50938 -13.1022 -6.85655 0.944 1.2 0.0857101 2 180 0 1 1.2 0.08571 0 262 0
945 0 2 -2.00938 -13.1022 -6.85655 -5 0 -5 -1.50938 -13.1022 -6.85655 0.944 1.2 0.0857101 2 180 0 1 1.2 0.08571 0 262 0
960 0 2 -2.00938 -13.1022 -6.85655 -5 0 -5 -1.50938 -13.1022 -6.85655 0.944 1.2 0.0857101 2 180 0 1 1.2 0.08571 0 262 0
975 1 2 -2.00938 -13.5036 -6.41066 -5 0 -5 -1.50938 -13.5036 -6.41066 0.944 0.6 0.0857101 2 180 0 1 0.6 0.08571 0 262 0
990 0 2 -1.30302 -13.2245 -6.15935 -5 0 -5 -0.803018 -13.2245 -6.15935 0.144 0.6 0.0857101 2 180 0 0.2 0.6 0.08571 0 262 0
1005 2 1 0 0 -5.6 75 -5 0 -1.16667 -13.5 -5.6 0.144 0.6 0.0857101 2 180 0 0.2 0.6 0.08571 0 262 0
1020 1 1 0 0 -5.6 75 -5 0 -1.16667 -13.5 -5.6 -0.456 0.6 0.0857101 2 180 0 -0.4 0.6 0.08571 0 262 0
1035 0 1 0 0 -5.6 75 -5 0 -1.16667 -13.5 -5.6 -0.456 0.6 0.0857101 2 102 0 -0.4 0.6 0.08571 0 184 0
1050 2 2 -0.792681 -12.964 -5.91645 -5 0 -5 -0.292681 -12.964 -5.91645 -0.456 0.6 0.0857101 2 102 0 -0.4 0.6 0.08571 0 184 0
1065 2 2 -0.757587 -12.961 -5.86363 -5 0 -5 -0.257587 -12.961 -5.86363 -0.456 0.6 0.0857101 2 102 0 -0.4 0.6 0.08571 0 184 0
1080 1 2 -1.04866 -12.3607 -4.63281 -5 0 -5 -0.548664 -12.3607 -4.63281 -0.456 0.6 -1.31429 2 102 0 -0.4 0.6 -1.31429 0 184 0
1095 2 1 0 0 -5.6 75 -5 0 -1.16667 -13.5 -5.6 -0.456 0.6 -1.31429 2 102 0 -0.4 0.6 -1.31429 0 184 0
1110 1 1 0 0 -5.6 75 -5 0 -1.16667 -13.5 -5.6 -0.456 1.4 -1.31429 2 102 0 -0.4 1.4 -1.31429 0 184 0
1125 0 1 0 0 -5.6 75 -5 0 -1.16667 -13.5 -5.6 -0.456 1.4 -2.51429 2 102 0 -0.4 1.4 -2.51429 0 184 0
1140 1 1 0 0 -5.6 75 -5 0 -1.16667 -13.5 -5.6 -0.456 1.4 -3.71429 2 102 0 -0.4 1.4 -3.71429 0 184 0
1155 0 1 0 0 -5.6 75 -5 0 -1.16667 -13.5 -5.6 -0.456 1.4 -4.91429 2 102 0 -0.4 1.4 -4.91429 0 184 0
1170 2 2 -6.09689 -11.9982 -6.11807 -5 0 -5 -5.59689 -11.9982 -6.11807 -0.456 1.4 -4.91429 2 102 0 -0.4 1.4 -4.91429 0 180 0
1185 2 2 -5.9214 -12.0441 -7.0441 -5 0 -5 -5.4214 -12.0441 -7.0441 -0.456 1.4 -4.91429 2 102 0 -0.4 1.4 -4.91429 0 180 0
1200 2 2 -5.9214 -12.0441 -7.0441 -5 0 -5 -5.4214 -12.0441 -7.0441 -0.456 1.4 -4.91429 2 102 0 -0.4 1.4 -4.91429 0 180 0
1215 0 2 -5.9214 -12.0441 -7.0441 -5 0 -5 -5.4214 -12.0441 -7.0441 -0.456 1.4 -4.91429 2 102 0 -0.4 1.4 -4.91429 0 180 0
1230 1 2 -5.9214 -13.0386 -6.93957 -5 0 -5 -5.4214 -13.0386 -6.93957 -0.456 0.4 -4.91429 2 102 0 -0.4 0.4 -4.91429 0 178 0
1245 0 2 -6.67315 -13.0672 -7.21169 -5 0 -5 -6.17315 -13.0672 -7.21169 -0.456 0.4 -5.71429 2 102 0 -0.4 0.4 -5.71429 0 178 0
1260 2 1 0 0 -5.6 75 -5 0 -1.16667 -13.5 -5.6 -0.456 0.4 -5.71429 2 102 0 -0.4 0.4 -5.71429 0 178 0
1275 2 1 0 0 -5.6 75 -5 0 -1.16667 -13.5 -5.6 -0.456 0.4 -5.71429 2 102 0 -0.4 0.4 -5.71429 0 178 0
1290 1 1 0 0 -5.6 75 -5 0 -1.16667 -13.5 -5.6 -0.456 0.4 -6.51429 2 102 0 -0.4 0.4 -6.51429 0 178 0
1305 0 1 0 0 -5.6 75 -5 0 -1.16667 -13.5 -5.6 -0.456 0.4 -6.71429 2 98 0 -0.4 0.4 -6.71429 0 178 0
1320 1 1 0 0 -5.6 75 -5 0 -1.16667 -13.5 -5.6 -0.456 0.4 -6.71429 2 172 0 -0.4 0.4 -6.71429 0 276 0
1335 0 1 0 0 -5.6 75 -5 0 -1.16667 -13.5 -5.6 -1.256 0.4 -6.71429 2 172 0 -1.2 0.4 -6.71429 0 276 0
1350 1 1 0 0 -5.6 75 -5 0 -1.16667 -13.5 -5.6 -1.256 1.4 -6.71429 2 172 0 -1.2 1.4 -6.71429 0 276 0
1365 0 1 0 0 -5.6 75 -5 0 -1.16667 -13.5 -5.6 -2.256 1.4 -6.71429 2 172 0 -2.2 1.4 -6.71429 0 276 0
1380 1 1 0 0 -5.6 75 -5 0 -1.16667 -13.5 -5.6 -3.256 1.4 -6.71429 2 172 0 -3.2 1.4 -6.71429 0 276 0
1395 0 1 0 0 -5.6 75 -5 0 -1.16667 -13.5 -5.6 -4.056 1.4 -6.71429 2 172 0 -4 1.4 -6.71429 0 276 0
1410 1 1 0 0 -5.6 75 -5 0 -1.16667 -13.5 -5.6 -4.056 0.6 -6.71429 2 172 0 -4 0.6 -6.71429 0 276 0
1425 0 1 0 0 -5.6 75 -5 0 -1.16667 -13.5 -5.6 -4.456 0.6 -6.71429 2 172 0 -4.4 0.6 -6.71429 0 276 0
